7577
20828
4629
22901
16723
18931
2725
1800
9084
11957
30436
6752
11968
22668
1847
11280
23476
6934
30837
641
8057
27837
4375
21
3116
15274
5709
18680
6667
760
4243
10417
9987
30368
13260
8381
27514
12926
8557
6127
20394
12699
28875
11990
29952
4688
28199
26535
13615
8848
21991
26028
13114
24725
22858
12659
10605
13110
20848
17967
16195
20325
2846
30275
13285
9538
18867
5667
28446
21324
12437
8315
6335
22416
22522
25584
19343
19873
16802
3218
25350
23534
7528
14512
25851
13546
30025
9249
3165
16557
20436
4048
20424
29252
30077
26382
31252
22719
3306
28667
26817
29822
799
28414
32454
3351
31384
15627
20449
20748
27403
13024
15019
20273
11526
9440
7323
1864
10094
22300
6191
14699
